ts_code,date,pre_close,open,high,low,close,change,pct_chg,volume,amount
518800.SH,20240102,4.595,4.586,4.611,4.586,4.61,0.015,0.3264,362564.0,166686.336
518800.SH,20240103,4.61,4.608,4.61,4.599,4.607,-0.003,-0.0651,315992.0,145525.688
518800.SH,20240104,4.607,4.582,4.598,4.574,4.592,-0.015,-0.3256,311123.0,142612.883
518800.SH,20240105,4.592,4.6,4.605,4.598,4.602,0.01,0.2178,306471.75,141009.861
518800.SH,20240108,4.602,4.601,4.607,4.587,4.598,-0.004,-0.0869,290116.75,133448.139
518800.SH,20240109,4.598,4.597,4.597,4.585,4.592,-0.006,-0.1305,360285.0,165398.45
518800.SH,20240110,4.592,4.592,4.592,4.573,4.575,-0.017,-0.3702,269165.0,123423.111
518800.SH,20240111,4.575,4.575,4.581,4.57,4.575,0.0,0.0,311923.07,142702.038
518800.SH,20240112,4.575,4.585,4.588,4.577,4.586,0.011,0.2404,255912.0,117224.271
518800.SH,20240115,4.586,4.6,4.616,4.6,4.616,0.03,0.6542,252897.0,116591.832
518800.SH,20240116,4.616,4.616,4.618,4.61,4.613,-0.003,-0.065,233644.0,107764.941
518800.SH,20240117,4.613,4.6,4.602,4.569,4.572,-0.041,-0.8888,367375.0,168758.312
518800.SH,20240118,4.572,4.571,4.571,4.551,4.564,-0.008,-0.175,321407.0,146727.246
518800.SH,20240119,4.564,4.582,4.587,4.58,4.584,0.02,0.4382,251624.0,115314.727
518800.SH,20240122,4.584,4.588,4.596,4.567,4.568,-0.016,-0.349,262124.0,120237.252
518800.SH,20240123,4.568,4.568,4.574,4.553,4.574,0.006,0.1313,321308.0,146587.377
518800.SH,20240124,4.574,4.573,4.573,4.566,4.57,-0.004,-0.0875,293865.0,134237.376
518800.SH,20240125,4.57,4.553,4.556,4.547,4.547,-0.023,-0.5033,262448.0,119418.695
518800.SH,20240126,4.547,4.565,4.569,4.563,4.568,0.021,0.4618,237983.0,108626.852
518800.SH,20240129,4.568,4.572,4.584,4.572,4.582,0.014,0.3065,361646.0,165605.88
518800.SH,20240130,4.582,4.583,4.597,4.583,4.593,0.011,0.2401,261757.0,120076.686
518800.SH,20240131,4.593,4.596,4.602,4.592,4.595,0.002,0.0435,269799.0,124041.101
518800.SH,20240201,4.595,4.595,4.611,4.595,4.611,0.016,0.3482,255932.0,117839.504
518800.SH,20240202,4.611,4.611,4.626,4.611,4.626,0.015,0.3253,245944.0,113606.406
518800.SH,20240205,4.626,4.623,4.623,4.586,4.587,-0.039,-0.8431,277790.0,127687.121
518800.SH,20240206,4.587,4.591,4.595,4.578,4.578,-0.009,-0.1962,247141.19,113262.895
518800.SH,20240207,4.578,4.587,4.598,4.587,4.589,0.011,0.2403,247917.85,113824.465
518800.SH,20240208,4.589,4.598,4.61,4.598,4.606,0.017,0.3705,293231.0,134970.892
518800.SH,20240219,4.606,4.605,4.605,4.569,4.581,-0.025,-0.5428,299466.0,137040.153
518800.SH,20240220,4.581,4.582,4.585,4.579,4.584,0.003,0.0655,254425.0,116563.657
518800.SH,20240221,4.584,4.593,4.593,4.585,4.587,0.003,0.0654,276354.0,126829.839
518800.SH,20240222,4.587,4.584,4.586,4.576,4.582,-0.005,-0.109,254531.0,116573.991
518800.SH,20240223,4.582,4.582,4.584,4.569,4.573,-0.009,-0.1964,376176.0,172269.259
518800.SH,20240226,4.573,4.584,4.597,4.584,4.595,0.022,0.4811,252936.0,116180.28
518800.SH,20240227,4.595,4.597,4.597,4.589,4.591,-0.004,-0.0871,205879.0,94548.672
518800.SH,20240228,4.591,4.591,4.592,4.586,4.588,-0.003,-0.0653,220034.0,100973.013
518800.SH,20240229,4.588,4.59,4.594,4.59,4.592,0.004,0.0872,208865.0,95929.192
518800.SH,20240301,4.592,4.603,4.611,4.603,4.607,0.015,0.3267,273043.0,125822.798
518800.SH,20240304,4.607,4.667,4.677,4.665,4.67,0.063,1.3675,332732.0,155445.436
518800.SH,20240305,4.67,4.722,4.736,4.718,4.736,0.066,1.4133,361060.0,170559.909
518800.SH,20240306,4.736,4.746,4.768,4.746,4.767,0.031,0.6546,312231.0,148449.313
518800.SH,20240307,4.767,4.785,4.85,4.785,4.817,0.05,1.0489,452573.0,217471.582
518800.SH,20240308,4.817,4.825,4.826,4.805,4.825,0.008,0.1661,314292.82,151298.871
518800.SH,20240311,4.825,4.856,4.86,4.835,4.838,0.013,0.2694,305644.0,148188.068
518800.SH,20240312,4.838,4.838,4.849,4.817,4.822,-0.016,-0.3307,289580.0,140055.925
518800.SH,20240313,4.822,4.799,4.809,4.799,4.809,-0.013,-0.2696,195170.0,93779.513
518800.SH,20240314,4.809,4.832,4.839,4.815,4.818,0.009,0.1871,200938.0,97073.612
518800.SH,20240315,4.818,4.818,4.838,4.817,4.837,0.019,0.3944,207269.0,99953.075
518800.SH,20240318,4.837,4.816,4.816,4.796,4.802,-0.035,-0.7236,354586.0,170373.858
518800.SH,20240319,4.802,4.811,4.825,4.804,4.814,0.012,0.2499,271335.0,130694.387
518800.SH,20240320,4.814,4.817,4.823,4.816,4.819,0.005,0.1039,255078.0,122950.279
518800.SH,20240321,4.819,4.9,4.919,4.9,4.917,0.098,2.0336,260297.0,127725.843
518800.SH,20240322,4.917,4.9,4.9,4.871,4.886,-0.031,-0.6305,374715.0,182754.841
518800.SH,20240325,4.886,4.902,4.924,4.891,4.895,0.009,0.1842,345230.0,169300.736
518800.SH,20240326,4.895,4.903,4.906,4.894,4.901,0.006,0.1226,392757.0,192435.657
518800.SH,20240327,4.901,4.91,4.926,4.91,4.923,0.022,0.4489,283911.0,139649.157
518800.SH,20240328,4.923,4.931,4.959,4.931,4.959,0.036,0.7313,293833.84,145116.697
518800.SH,20240329,4.959,5.029,5.077,5.016,5.06,0.101,2.0367,438083.34,221368.087
518800.SH,20240401,5.06,5.1,5.11,5.082,5.094,0.034,0.6719,367227.0,186889.97
518800.SH,20240402,5.094,5.083,5.098,5.069,5.098,0.004,0.0785,328628.0,166866.075
518800.SH,20240403,5.098,5.153,5.17,5.142,5.164,0.066,1.2946,562435.0,289976.991
518800.SH,20240408,5.164,5.211,5.352,5.211,5.29,0.126,2.44,632008.0,335111.247
518800.SH,20240409,5.29,5.324,5.331,5.3,5.305,0.015,0.2836,395368.0,210068.502
518800.SH,20240410,5.305,5.306,5.34,5.306,5.324,0.019,0.3582,369815.0,196859.742
518800.SH,20240411,5.324,5.3,5.31,5.278,5.284,-0.04,-0.7513,346806.0,183631.847
518800.SH,20240412,5.284,5.389,5.434,5.389,5.432,0.148,2.8009,494279.0,267390.495
518800.SH,20240415,5.432,5.355,5.37,5.34,5.351,-0.081,-1.4912,605163.0,324024.94
518800.SH,20240416,5.351,5.402,5.424,5.371,5.382,0.031,0.5793,514542.0,278080.118
518800.SH,20240417,5.382,5.396,5.41,5.371,5.392,0.01,0.1858,427449.12,230632.275
518800.SH,20240418,5.392,5.352,5.369,5.334,5.368,-0.024,-0.4451,473745.0,253584.232
518800.SH,20240419,5.368,5.397,5.469,5.382,5.405,0.037,0.6893,666128.0,361719.794
518800.SH,20240422,5.405,5.392,5.392,5.296,5.303,-0.102,-1.8871,405890.0,216759.566
518800.SH,20240423,5.303,5.254,5.273,5.161,5.171,-0.132,-2.4892,382738.0,198461.779
518800.SH,20240424,5.171,5.22,5.238,5.2,5.227,0.056,1.083,627972.0,327566.686
518800.SH,20240425,5.227,5.213,5.223,5.185,5.223,-0.004,-0.0765,293468.0,152951.479
518800.SH,20240426,5.223,5.223,5.27,5.223,5.264,0.041,0.785,212722.0,111706.822
518800.SH,20240429,5.264,5.242,5.247,5.227,5.235,-0.029,-0.5509,122900.0,64346.507
518800.SH,20240430,5.235,5.234,5.24,5.202,5.22,-0.015,-0.2865,183196.0,95594.857
518800.SH,20240506,5.22,5.158,5.19,5.156,5.188,-0.032,-0.613,179661.34,92964.127
518800.SH,20240507,5.188,5.207,5.22,5.197,5.203,0.015,0.2891,164512.0,85612.468
518800.SH,20240508,5.203,5.19,5.215,5.177,5.197,-0.006,-0.1153,234362.0,121785.128
518800.SH,20240509,5.197,5.185,5.203,5.181,5.188,-0.009,-0.1732,207161.0,107490.151
518800.SH,20240510,5.188,5.279,5.31,5.253,5.305,0.117,2.2552,292625.0,154296.685
518800.SH,20240513,5.305,5.282,5.294,5.267,5.272,-0.033,-0.6221,200460.0,105904.676
518800.SH,20240514,5.272,5.252,5.28,5.251,5.26,-0.012,-0.2276,279122.0,147001.699
518800.SH,20240515,5.26,5.294,5.309,5.29,5.302,0.042,0.7985,195070.0,103373.384
518800.SH,20240516,5.302,5.382,5.39,5.351,5.357,0.055,1.0373,312146.0,167282.994
518800.SH,20240517,5.357,5.344,5.357,5.332,5.356,-0.001,-0.0187,204847.0,109409.222
518800.SH,20240520,5.356,5.46,5.519,5.459,5.485,0.129,2.4085,591024.0,323988.166
518800.SH,20240521,5.485,5.485,5.485,5.408,5.42,-0.065,-1.1851,453066.0,246476.527
518800.SH,20240522,5.42,5.437,5.474,5.416,5.427,0.007,0.1292,318771.0,173144.04
518800.SH,20240523,5.427,5.315,5.324,5.275,5.303,-0.124,-2.2849,239259.0,126904.577
518800.SH,20240524,5.303,5.223,5.255,5.22,5.253,-0.05,-0.9429,189542.0,99309.325
518800.SH,20240527,5.253,5.255,5.286,5.255,5.272,0.019,0.3617,207673.0,109540.715
518800.SH,20240528,5.272,5.292,5.31,5.271,5.272,0.0,0.0,188416.01,99752.567
518800.SH,20240529,5.272,5.301,5.319,5.293,5.305,0.033,0.6259,209455.0,111151.63
518800.SH,20240530,5.305,5.275,5.275,5.226,5.249,-0.056,-1.0556,247954.0,130055.112
518800.SH,20240531,5.249,5.275,5.28,5.254,5.279,0.03,0.5715,199140.0,104939.414
518800.SH,20240603,5.279,5.269,5.269,5.205,5.228,-0.051,-0.9661,223373.0,116852.739
518800.SH,20240604,5.228,5.272,5.29,5.269,5.279,0.051,0.9755,136780.0,72219.341
518800.SH,20240605,5.279,5.239,5.272,5.232,5.256,-0.023,-0.4357,133475.0,70075.797
518800.SH,20240606,5.256,5.333,5.354,5.323,5.332,0.076,1.446,162206.8,86567.843
518800.SH,20240607,5.332,5.352,5.357,5.32,5.336,0.004,0.075,150336.0,80248.676
518800.SH,20240611,5.336,5.22,5.222,5.16,5.171,-0.165,-3.0922,140162.0,72533.087
518800.SH,20240612,5.171,5.185,5.21,5.185,5.205,0.034,0.6575,82769.0,43030.89
518800.SH,20240613,5.205,5.205,5.207,5.184,5.206,0.001,0.0192,191674.0,99636.984
518800.SH,20240614,5.206,5.189,5.207,5.179,5.206,0.0,0.0,268188.0,139233.259
518800.SH,20240617,5.206,5.235,5.242,5.21,5.217,0.011,0.2113,181981.0,95134.077
518800.SH,20240618,5.217,5.221,5.232,5.218,5.223,0.006,0.115,146348.0,76491.006
518800.SH,20240619,5.223,5.233,5.242,5.233,5.241,0.018,0.3446,147731.0,77401.637
518800.SH,20240620,5.241,5.256,5.288,5.246,5.286,0.045,0.8586,456758.0,240566.985
518800.SH,20240621,5.286,5.316,5.33,5.31,5.312,0.026,0.4919,334050.0,177699.861
518800.SH,20240624,5.312,5.248,5.248,5.221,5.225,-0.087,-1.6378,560211.0,293064.029
518800.SH,20240625,5.225,5.234,5.239,5.228,5.236,0.011,0.2105,393960.0,206189.174
518800.SH,20240626,5.236,5.224,5.224,5.19,5.208,-0.028,-0.5348,350315.0,182335.033
518800.SH,20240627,5.208,5.176,5.183,5.164,5.177,-0.031,-0.5952,179654.0,92945.865
518800.SH,20240628,5.177,5.216,5.236,5.214,5.233,0.056,1.0817,227985.0,119050.322
518800.SH,20240701,5.233,5.235,5.24,5.218,5.237,0.004,0.0764,220698.0,115506.738
518800.SH,20240702,5.237,5.247,5.252,5.237,5.241,0.004,0.0764,246186.0,129114.808
518800.SH,20240703,5.241,5.243,5.284,5.241,5.28,0.039,0.7441,180061.0,94620.992
518800.SH,20240704,5.28,5.319,5.323,5.29,5.301,0.021,0.3977,262849.0,139566.146
518800.SH,20240705,5.301,5.308,5.32,5.299,5.319,0.018,0.3396,188947.0,100397.549
518800.SH,20240708,5.319,5.36,5.366,5.32,5.322,0.003,0.0564,358798.0,191758.265
518800.SH,20240709,5.322,5.298,5.309,5.298,5.303,-0.019,-0.357,190673.0,101101.023
518800.SH,20240710,5.303,5.316,5.332,5.307,5.329,0.026,0.4903,222415.0,118236.004
518800.SH,20240711,5.329,5.336,5.356,5.329,5.35,0.021,0.3941,233976.0,125125.426
518800.SH,20240712,5.35,5.396,5.402,5.377,5.383,0.033,0.6168,266742.0,143828.918
518800.SH,20240715,5.383,5.394,5.401,5.376,5.379,-0.004,-0.0743,265379.0,143130.068
518800.SH,20240716,5.379,5.415,5.441,5.415,5.44,0.061,1.134,222826.0,121084.922
518800.SH,20240717,5.44,5.528,5.549,5.489,5.507,0.067,1.2316,315887.0,174391.055
518800.SH,20240718,5.507,5.499,5.509,5.473,5.507,0.0,0.0,290697.0,159713.098
518800.SH,20240719,5.507,5.44,5.44,5.34,5.358,-0.149,-2.7056,315663.0,169847.131
518800.SH,20240722,5.358,5.358,5.376,5.352,5.358,0.0,0.0,283267.0,151932.997
518800.SH,20240723,5.358,5.366,5.373,5.318,5.328,-0.03,-0.5599,281997.0,150650.937
518800.SH,20240724,5.328,5.363,5.4,5.357,5.399,0.071,1.3326,270401.0,145701.072
518800.SH,20240725,5.399,5.343,5.343,5.255,5.263,-0.136,-2.519,323991.0,170977.73
518800.SH,20240726,5.263,5.259,5.303,5.252,5.285,0.022,0.418,260498.0,137638.932
518800.SH,20240729,5.285,5.329,5.333,5.314,5.324,0.039,0.7379,214336.0,114088.213
518800.SH,20240730,5.324,5.306,5.33,5.291,5.33,0.006,0.1127,210699.0,111876.748
518800.SH,20240731,5.33,5.343,5.389,5.34,5.37,0.04,0.7505,155089.64,83223.222
518800.SH,20240801,5.37,5.43,5.438,5.393,5.415,0.045,0.838,232096.0,125723.572
518800.SH,20240802,5.415,5.41,5.441,5.406,5.437,0.022,0.4063,256999.0,139533.164
518800.SH,20240805,5.437,5.322,5.352,5.28,5.312,-0.125,-2.2991,449846.97,239215.282
518800.SH,20240806,5.312,5.314,5.317,5.24,5.263,-0.049,-0.9224,378733.01,199608.534
518800.SH,20240807,5.263,5.252,5.29,5.243,5.285,0.022,0.418,342250.0,180367.409
518800.SH,20240808,5.285,5.271,5.29,5.25,5.284,-0.001,-0.0189,153925.0,81183.5
518800.SH,20240809,5.284,5.336,5.349,5.316,5.331,0.047,0.8895,180131.01,96097.735
518800.SH,20240812,5.331,5.338,5.374,5.336,5.371,0.04,0.7503,268413.97,143698.013
518800.SH,20240813,5.371,5.41,5.426,5.401,5.409,0.038,0.7075,194511.0,105292.58
518800.SH,20240814,5.409,5.409,5.41,5.363,5.396,-0.013,-0.2403,179603.0,96693.365
518800.SH,20240815,5.396,5.369,5.386,5.36,5.381,-0.015,-0.278,225647.0,121284.742
518800.SH,20240816,5.381,5.4,5.404,5.375,5.388,0.007,0.1301,224152.0,120788.297
518800.SH,20240819,5.388,5.437,5.46,5.426,5.446,0.058,1.0765,252146.0,137275.527
518800.SH,20240820,5.446,5.446,5.456,5.433,5.449,0.003,0.0551,147521.0,80313.053
518800.SH,20240821,5.449,5.453,5.481,5.449,5.47,0.021,0.3854,167668.0,91693.359
518800.SH,20240822,5.47,5.468,5.468,5.442,5.456,-0.014,-0.2559,192470.0,104969.869
518800.SH,20240823,5.456,5.441,5.446,5.427,5.438,-0.018,-0.3299,124998.0,67966.305
518800.SH,20240826,5.438,5.455,5.47,5.454,5.468,0.03,0.5517,222777.0,121643.433
518800.SH,20240827,5.468,5.466,5.476,5.449,5.47,0.002,0.0366,174231.0,95143.024
518800.SH,20240828,5.47,5.485,5.485,5.451,5.463,-0.007,-0.128,244185.0,133408.028
518800.SH,20240829,5.463,5.474,5.482,5.463,5.464,0.001,0.0183,197170.0,107973.321
518800.SH,20240830,5.464,5.464,5.476,5.442,5.456,-0.008,-0.1464,267693.0,146120.722
518800.SH,20240902,5.456,5.45,5.45,5.41,5.424,-0.032,-0.5865,210660.0,114166.598
518800.SH,20240903,5.424,5.422,5.435,5.419,5.434,0.01,0.1844,146460.0,79535.444
518800.SH,20240904,5.434,5.425,5.425,5.397,5.398,-0.036,-0.6625,218307.0,118169.542
518800.SH,20240905,5.398,5.412,5.436,5.411,5.433,0.035,0.6484,240868.0,130637.535
518800.SH,20240906,5.433,5.448,5.459,5.435,5.45,0.017,0.3129,186343.0,101564.538
518800.SH,20240909,5.45,5.421,5.433,5.402,5.412,-0.038,-0.6972,220609.0,119586.846
518800.SH,20240910,5.412,5.443,5.45,5.439,5.444,0.032,0.5913,142051.0,77364.749
518800.SH,20240911,5.444,5.467,5.478,5.461,5.476,0.032,0.5878,203384.0,111231.493
518800.SH,20240912,5.476,5.466,5.47,5.454,5.465,-0.011,-0.2009,258637.0,141351.294
518800.SH,20240913,5.465,5.539,5.558,5.538,5.542,0.077,1.409,252947.0,140316.337
518800.SH,20240918,5.542,5.557,5.558,5.535,5.541,-0.001,-0.018,130665.78,72461.933
518800.SH,20240919,5.541,5.524,5.542,5.51,5.533,-0.008,-0.1444,226173.0,125038.319
518800.SH,20240920,5.533,5.546,5.598,5.546,5.598,0.065,1.1748,142652.0,79409.961
518800.SH,20240923,5.598,5.631,5.656,5.598,5.641,0.043,0.7681,256327.0,144611.041
518800.SH,20240924,5.641,5.648,5.66,5.622,5.629,-0.012,-0.2127,209940.0,118481.604
518800.SH,20240925,5.629,5.66,5.703,5.652,5.672,0.043,0.7639,246884.0,140181.013
518800.SH,20240926,5.672,5.685,5.696,5.672,5.683,0.011,0.1939,225555.59,128223.095
518800.SH,20240927,5.683,5.683,5.695,5.342,5.636,-0.047,-0.827,55596.0,31499.733
518800.SH,20240930,5.636,5.578,5.655,5.573,5.649,0.013,0.2307,277382.0,156311.481
518800.SH,20241008,5.649,5.654,5.685,5.644,5.648,-0.001,-0.0177,212372.91,120346.984
518800.SH,20241009,5.648,5.602,5.611,5.572,5.575,-0.073,-1.2925,116709.83,65321.185
518800.SH,20241010,5.575,5.574,5.606,5.573,5.604,0.029,0.5202,86235.0,48198.743
518800.SH,20241011,5.604,5.646,5.692,5.646,5.673,0.069,1.2313,214155.24,121534.619
518800.SH,20241014,5.673,5.682,5.737,5.68,5.731,0.058,1.0224,278695.0,159062.479
518800.SH,20241015,5.731,5.716,5.732,5.702,5.731,0.0,0.0,203003.0,116154.959
518800.SH,20241016,5.731,5.779,5.817,5.766,5.815,0.084,1.4657,314635.0,182167.489
518800.SH,20241017,5.815,5.82,5.84,5.815,5.836,0.021,0.3611,349440.0,203638.709
518800.SH,20241018,5.836,5.881,5.914,5.842,5.871,0.035,0.5997,514023.0,302764.855
518800.SH,20241021,5.871,5.917,5.949,5.907,5.949,0.078,1.3286,303674.0,179939.092
518800.SH,20241022,5.949,5.949,5.955,5.932,5.946,-0.003,-0.0504,272895.0,162147.578
518800.SH,20241023,5.946,5.963,5.982,5.946,5.981,0.035,0.5886,422874.0,252177.505
518800.SH,20241024,5.981,5.92,5.928,5.887,5.924,-0.057,-0.953,317207.0,187427.712
518800.SH,20241025,5.924,5.924,5.926,5.911,5.923,-0.001,-0.0169,211615.0,125252.569
518800.SH,20241028,5.923,5.92,5.955,5.913,5.945,0.022,0.3714,380348.0,225931.625
518800.SH,20241029,5.945,5.958,5.996,5.958,5.995,0.05,0.841,259436.9,155233.045
518800.SH,20241030,5.995,6.04,6.075,6.03,6.068,0.073,1.2177,338631.0,205086.02
518800.SH,20241031,6.068,6.068,6.069,6.032,6.034,-0.034,-0.5603,312824.0,189224.49
518800.SH,20241101,6.034,5.954,5.995,5.95,5.981,-0.053,-0.8784,275557.0,164723.424
518800.SH,20241104,5.981,5.945,5.949,5.92,5.933,-0.048,-0.8025,224510.25,133224.132
518800.SH,20241105,5.933,5.933,5.935,5.896,5.933,0.0,0.0,288342.0,170617.673
518800.SH,20241106,5.933,5.945,5.99,5.907,5.926,-0.007,-0.118,528217.82,314836.453
518800.SH,20241107,5.926,5.8,5.811,5.788,5.797,-0.129,-2.1768,340795.0,197619.384
518800.SH,20241108,5.797,5.855,5.87,5.823,5.839,0.042,0.7245,282316.0,165043.499
518800.SH,20241111,5.839,5.84,5.846,5.825,5.838,-0.001,-0.0171,175303.0,102247.444
518800.SH,20241112,5.838,5.754,5.77,5.73,5.738,-0.1,-1.7129,336942.5,193732.944
518800.SH,20241113,5.738,5.738,5.743,5.726,5.73,-0.008,-0.1394,204231.0,117112.848
518800.SH,20241114,5.73,5.689,5.689,5.606,5.618,-0.112,-1.9546,291392.5,164287.162
518800.SH,20241115,5.618,5.638,5.647,5.611,5.621,0.003,0.0534,186018.0,104771.924
518800.SH,20241118,5.621,5.684,5.712,5.676,5.696,0.075,1.3343,305379.0,173885.06
518800.SH,20241119,5.696,5.746,5.792,5.744,5.79,0.094,1.6503,490184.0,282880.964
518800.SH,20241120,5.79,5.816,5.825,5.785,5.786,-0.004,-0.0691,344378.0,200116.876
518800.SH,20241121,5.786,5.838,5.868,5.838,5.867,0.081,1.3999,378138.0,221340.052
518800.SH,20241122,5.867,5.894,5.942,5.894,5.942,0.075,1.2783,423304.0,250603.742
518800.SH,20241125,5.942,5.939,5.946,5.8,5.846,-0.096,-1.6156,686203.0,404024.005
518800.SH,20241126,5.846,5.785,5.787,5.755,5.769,-0.077,-1.3171,267037.0,154117.047
518800.SH,20241127,5.769,5.779,5.834,5.779,5.831,0.062,1.0747,303023.0,176116.628
518800.SH,20241128,5.831,5.769,5.808,5.754,5.799,-0.032,-0.5488,359977.0,208232.096
518800.SH,20241129,5.799,5.814,5.857,5.806,5.851,0.052,0.8967,311307.18,181750.346
518800.SH,20241202,5.851,5.791,5.815,5.78,5.804,-0.047,-0.8033,311877.0,180930.445
518800.SH,20241203,5.804,5.841,5.872,5.836,5.864,0.06,1.0338,267990.0,156894.836
518800.SH,20241204,5.864,5.861,5.869,5.842,5.861,-0.003,-0.0512,195960.0,114818.09
518800.SH,20241205,5.861,5.864,5.874,5.852,5.855,-0.006,-0.1024,346496.0,203081.168
518800.SH,20241206,5.855,5.799,5.849,5.796,5.832,-0.023,-0.3928,304375.0,177034.17
518800.SH,20241209,5.832,5.873,5.875,5.854,5.867,0.035,0.6001,403323.0,236533.731
518800.SH,20241210,5.867,5.89,5.898,5.878,5.886,0.019,0.3238,457422.0,269409.42
518800.SH,20241211,5.886,5.947,5.954,5.906,5.94,0.054,0.9174,455958.1,270807.185
518800.SH,20241212,5.94,5.954,5.977,5.954,5.976,0.036,0.6061,410785.9,245001.871
518800.SH,20241213,5.976,5.943,5.946,5.918,5.926,-0.05,-0.8367,371758.0,220533.956
518800.SH,20241216,5.926,5.869,5.878,5.862,5.876,-0.05,-0.8437,312323.0,183329.49
518800.SH,20241217,5.876,5.883,5.899,5.864,5.866,-0.01,-0.1702,271850.0,159872.135
518800.SH,20241218,5.866,5.874,5.878,5.858,5.86,-0.006,-0.1023,224235.0,131521.47
518800.SH,20241219,5.86,5.797,5.835,5.795,5.812,-0.048,-0.8191,368796.0,214395.586
518800.SH,20241220,5.812,5.805,5.822,5.795,5.821,0.009,0.1549,271481.0,157574.53
518800.SH,20241223,5.821,5.843,5.885,5.843,5.883,0.062,1.0651,353393.0,207362.253
518800.SH,20241224,5.883,5.853,5.862,5.846,5.851,-0.032,-0.5439,205733.93,120425.517
518800.SH,20241225,5.851,5.861,5.872,5.858,5.864,0.013,0.2222,101037.0,59236.921
518800.SH,20241226,5.864,5.886,5.888,5.866,5.868,0.004,0.0682,264817.0,155470.481
518800.SH,20241227,5.868,5.878,5.883,5.868,5.873,0.005,0.0852,170800.1,100328.169
518800.SH,20241230,5.873,5.866,5.868,5.85,5.85,-0.023,-0.3916,249697.0,146233.953
518800.SH,20241231,5.85,5.844,5.861,5.828,5.856,0.006,0.1026,224036.0,130870.976
518800.SH,20250102,5.856,5.899,5.909,5.891,5.904,0.048,0.8197,247378.0,145933.161
518800.SH,20250103,5.904,5.949,5.962,5.941,5.956,0.052,0.8808,376950.0,224242.354
518800.SH,20250106,5.956,5.95,5.952,5.916,5.924,-0.032,-0.5373,239818.56,142320.147
518800.SH,20250107,5.924,5.924,5.937,5.918,5.931,0.007,0.1182,187923.0,111438.85
518800.SH,20250108,5.931,5.943,5.962,5.938,5.96,0.029,0.489,211213.0,125673.513
518800.SH,20250109,5.96,5.963,5.992,5.96,5.991,0.031,0.5201,228549.0,136513.047
518800.SH,20250110,5.991,6.004,6.033,6.001,6.032,0.041,0.6844,349474.0,210326.624
518800.SH,20250113,6.032,6.032,6.055,6.023,6.045,0.013,0.2155,387003.0,233949.309
518800.SH,20250114,6.045,5.994,6.004,5.99,5.996,-0.049,-0.8106,493988.0,296154.249
518800.SH,20250115,5.996,6.001,6.034,5.998,6.029,0.033,0.5504,378197.0,227631.57
518800.SH,20250116,6.029,6.06,6.065,6.037,6.047,0.018,0.2986,314289.0,190148.663
518800.SH,20250117,6.047,6.069,6.086,6.062,6.063,0.016,0.2646,324681.0,197274.718
518800.SH,20250120,6.063,6.028,6.059,6.016,6.056,-0.007,-0.1155,313670.6,189219.528
518800.SH,20250121,6.056,6.028,6.059,6.028,6.056,0.0,0.0,260408.0,157545.306
518800.SH,20250122,6.056,6.11,6.142,6.098,6.11,0.054,0.8917,361378.0,220928.126
518800.SH,20250123,6.11,6.111,6.128,6.107,6.113,0.003,0.0491,295998.0,180979.499
518800.SH,20250124,6.113,6.135,6.151,6.125,6.139,0.026,0.4253,409557.0,251504.563
518800.SH,20250127,6.139,6.14,6.142,6.107,6.13,-0.009,-0.1466,263727.0,161454.433
518800.SH,20250205,6.13,6.323,6.365,6.31,6.359,0.229,3.7357,380985.0,241463.366
518800.SH,20250206,6.359,6.363,6.388,6.323,6.325,-0.034,-0.5347,314849.0,200216.499
518800.SH,20250207,6.325,6.345,6.359,6.338,6.343,0.018,0.2846,281287.1,178652.534
518800.SH,20250210,6.343,6.381,6.439,6.381,6.439,0.096,1.5135,428336.9,274391.091
518800.SH,20250211,6.439,6.53,6.568,6.46,6.503,0.064,0.9939,546061.78,355830.702
518800.SH,20250212,6.503,6.464,6.468,6.437,6.46,-0.043,-0.6612,400395.0,258423.686
518800.SH,20250213,6.46,6.485,6.507,6.481,6.492,0.032,0.4954,384597.0,249652.738
518800.SH,20250214,6.492,6.519,6.527,6.509,6.524,0.032,0.4929,260506.5,169800.516
518800.SH,20250217,6.524,6.403,6.43,6.393,6.419,-0.105,-1.6094,427269.0,273960.405
518800.SH,20250218,6.419,6.424,6.482,6.42,6.475,0.056,0.8724,317150.0,204674.443
518800.SH,20250219,6.475,6.512,6.545,6.503,6.52,0.045,0.695,369830.0,241373.393
518800.SH,20250220,6.52,6.538,6.54,6.518,6.537,0.017,0.2607,307509.0,200774.756
518800.SH,20250221,6.537,6.529,6.529,6.466,6.49,-0.047,-0.719,444202.0,288232.783
518800.SH,20250224,6.49,6.466,6.506,6.466,6.5,0.01,0.1541,467688.0,303394.597
518800.SH,20250225,6.5,6.531,6.535,6.496,6.501,0.001,0.0154,282126.0,183770.523
518800.SH,20250226,6.501,6.485,6.485,6.437,6.442,-0.059,-0.9076,307858.0,198984.288
518800.SH,20250227,6.442,6.45,6.465,6.406,6.419,-0.023,-0.357,326022.8,209636.496
518800.SH,20250228,6.419,6.399,6.415,6.361,6.367,-0.052,-0.8101,273054.0,174296.575
518800.SH,20250303,6.367,6.368,6.38,6.358,6.376,0.009,0.1414,305992.0,194917.197
518800.SH,20250304,6.376,6.414,6.43,6.409,6.42,0.044,0.6901,192735.0,123734.36
518800.SH,20250305,6.42,6.448,6.475,6.439,6.473,0.053,0.8255,303887.0,196281.83
518800.SH,20250306,6.473,6.468,6.468,5.826,6.455,-0.018,-0.2781,214212.0,138191.455
518800.SH,20250307,6.455,6.433,6.45,6.426,6.446,-0.009,-0.1394,162569.0,104645.458
518800.SH,20250310,6.446,6.46,6.466,6.449,6.464,0.018,0.2792,265891.03,171679.096
518800.SH,20250311,6.464,6.422,6.432,6.41,6.429,-0.035,-0.5415,271401.0,174139.012
518800.SH,20250312,6.429,6.44,6.455,6.435,6.447,0.018,0.28,129667.0,83568.271
518800.SH,20250313,6.447,6.493,6.504,6.491,6.496,0.049,0.76,192450.0,125042.052
518800.SH,20250314,6.496,6.617,6.617,6.58,6.589,0.093,1.4317,315785.0,208269.81
518800.SH,20250317,6.589,6.59,6.597,6.577,6.596,0.007,0.1062,193536.0,127530.929
518800.SH,20250318,6.596,6.61,6.649,6.61,6.645,0.049,0.7429,319879.0,212272.519
518800.SH,20250319,6.645,6.678,6.724,6.673,6.715,0.07,1.0534,408228.8,273505.131
518800.SH,20250320,6.715,6.746,6.75,6.72,6.73,0.015,0.2234,346817.4,233385.491
518800.SH,20250321,6.73,6.73,6.73,6.68,6.693,-0.037,-0.5498,452816.0,303498.765
518800.SH,20250324,6.693,6.694,6.7,6.678,6.696,0.003,0.0448,334801.0,223990.145
518800.SH,20250325,6.696,6.674,6.695,6.67,6.689,-0.007,-0.1045,193838.0,129525.44
518800.SH,20250326,6.689,6.699,6.716,6.692,6.715,0.026,0.3887,281460.0,188749.453
518800.SH,20250327,6.715,6.72,6.734,6.709,6.728,0.013,0.1936,208600.0,140229.488
518800.SH,20250328,6.728,6.812,6.853,6.812,6.85,0.122,1.8133,374595.5,256015.923
518800.SH,20250331,6.85,6.855,6.95,6.855,6.926,0.076,1.1095,470167.0,324597.415
518800.SH,20250401,6.926,6.97,7.015,6.959,6.977,0.051,0.7364,505155.0,353037.303
518800.SH,20250402,6.977,6.988,7.002,6.933,6.945,-0.032,-0.4586,425627.0,296418.456
518800.SH,20250403,6.945,7.045,7.1,6.985,7.014,0.069,0.9935,612047.0,431037.114
518800.SH,20250407,7.014,6.847,6.937,6.674,6.791,-0.223,-3.1794,824096.0,562634.754
518800.SH,20250408,6.791,6.783,6.842,6.769,6.836,0.045,0.6626,390339.0,265329.805
518800.SH,20250409,6.836,6.819,6.935,6.802,6.924,0.088,1.2873,539014.5,369761.109
518800.SH,20250410,6.924,6.998,7.076,6.99,7.068,0.144,2.0797,554757.0,390590.338
518800.SH,20250411,7.068,7.247,7.247,7.137,7.183,0.115,1.6271,557891.5,401950.07
518800.SH,20250414,7.183,7.202,7.265,7.202,7.238,0.055,0.7657,411548.45,298229.7
518800.SH,20250415,7.238,7.239,7.248,7.228,7.237,-0.001,-0.0138,296294.0,214446.596
518800.SH,20250416,7.237,7.356,7.42,7.332,7.414,0.177,2.4458,528254.18,389647.198
518800.SH,20250417,7.414,7.587,7.587,7.456,7.475,0.061,0.8228,690831.0,517584.577
518800.SH,20250418,7.475,7.475,7.498,7.447,7.491,0.016,0.214,303204.0,226662.568
518800.SH,20250421,7.491,7.585,7.636,7.584,7.634,0.143,1.909,472126.12,358899.999
518800.SH,20250422,7.634,7.749,7.928,7.749,7.887,0.253,3.3141,1094657.94,859620.565
518800.SH,20250423,7.887,7.644,7.668,7.398,7.419,-0.468,-5.9338,1523976.0,1148176.531
518800.SH,20250424,7.419,7.58,7.615,7.459,7.488,0.069,0.93,1040463.22,784518.444
518800.SH,20250425,7.488,7.558,7.56,7.396,7.441,-0.047,-0.6277,702542.0,525422.808
518800.SH,20250428,7.441,7.407,7.419,7.354,7.377,-0.064,-0.8601,570128.0,420848.994
518800.SH,20250429,7.377,7.465,7.496,7.395,7.425,0.048,0.6507,490055.0,364594.597
518800.SH,20250430,7.425,7.439,7.44,7.377,7.378,-0.047,-0.633,274199.0,202983.018
518800.SH,20250506,7.378,7.51,7.568,7.48,7.519,0.141,1.9111,788952.0,593673.358
518800.SH,20250507,7.519,7.519,7.585,7.501,7.578,0.059,0.7847,565143.96,426904.501
518800.SH,20250508,7.578,7.586,7.64,7.445,7.467,-0.111,-1.4648,913204.62,688386.306
518800.SH,20250509,7.467,7.423,7.462,7.338,7.442,-0.025,-0.3348,713715.0,528116.634
518800.SH,20250512,7.442,7.275,7.312,7.265,7.286,-0.156,-2.0962,546204.88,398351.359
518800.SH,20250513,7.286,7.198,7.25,7.135,7.244,-0.042,-0.5764,709783.0,510220.783
518800.SH,20250514,7.244,7.22,7.234,7.174,7.186,-0.058,-0.8007,377696.04,272058.43
518800.SH,20250515,7.186,7.08,7.089,6.916,6.978,-0.208,-2.8945,950834.48,664484.565
518800.SH,20250516,6.978,7.105,7.117,7.07,7.093,0.115,1.648,465846.0,330584.133
518800.SH,20250519,7.093,7.125,7.145,7.107,7.135,0.042,0.5921,467721.0,333319.064
518800.SH,20250520,7.135,7.135,7.15,7.109,7.122,-0.013,-0.1822,335181.41,238798.292
518800.SH,20250521,7.122,7.291,7.352,7.284,7.349,0.227,3.1873,537044.0,393129.834
518800.SH,20250522,7.349,7.39,7.424,7.357,7.36,0.011,0.1497,422531.0,312286.681
518800.SH,20250523,7.36,7.319,7.408,7.283,7.364,0.004,0.0543,379223.0,277894.937
518800.SH,20250526,7.364,7.347,7.383,7.334,7.336,-0.028,-0.3802,256525.0,188782.395
518800.SH,20250527,7.336,7.347,7.379,7.267,7.273,-0.063,-0.8588,480673.0,351646.643
518800.SH,20250528,7.273,7.273,7.298,7.251,7.283,0.01,0.1375,307113.0,223532.185
518800.SH,20250529,7.283,7.188,7.222,7.17,7.213,-0.07,-0.9611,260562.0,187596.393
518800.SH,20250530,7.213,7.3,7.304,7.246,7.281,0.068,0.9427,213933.0,155568.689
518800.SH,20250603,7.281,7.4,7.431,7.373,7.385,0.104,1.4284,373760.0,276891.219
518800.SH,20250604,7.385,7.394,7.413,7.367,7.384,-0.001,-0.0135,274629.0,202973.011
518800.SH,20250605,7.384,7.408,7.415,7.379,7.396,0.012,0.1625,157129.0,116241.553
518800.SH,20250606,7.396,7.396,7.406,7.377,7.39,-0.006,-0.0811,186218.0,137575.755
518800.SH,20250609,7.39,7.277,7.309,7.24,7.309,-0.081,-1.0961,299172.0,217582.317
518800.SH,20250610,7.309,7.283,7.328,7.261,7.317,0.008,0.1095,303877.2,221506.439
518800.SH,20250611,7.317,7.327,7.352,7.315,7.338,0.021,0.287,270922.0,198699.393
518800.SH,20250612,7.338,7.409,7.419,7.384,7.406,0.068,0.9267,243185.14,180108.166
518800.SH,20250613,7.406,7.52,7.559,7.478,7.498,0.092,1.2422,579133.0,435783.015
518800.SH,20250616,7.498,7.535,7.543,7.46,7.472,-0.026,-0.3468,389975.0,292459.306
518800.SH,20250617,7.472,7.439,7.443,7.378,7.408,-0.064,-0.8565,276254.78,204761.0
518800.SH,20250618,7.408,7.413,7.45,7.385,7.412,0.004,0.054,253460.0,187796.266
518800.SH,20250619,7.412,7.413,7.415,7.355,7.374,-0.038,-0.5127,449802.0,331876.774
518800.SH,20250620,7.374,7.37,7.374,7.334,7.344,-0.03,-0.4068,305830.0,224788.991
518800.SH,20250623,7.344,7.355,7.392,7.351,7.374,0.03,0.4085,253773.0,187074.13
518800.SH,20250624,7.374,7.345,7.35,7.265,7.286,-0.088,-1.1934,492875.0,360138.33
518800.SH,20250625,7.286,7.288,7.311,7.288,7.3,0.014,0.1921,209145.0,152673.107
518800.SH,20250626,7.3,7.299,7.316,7.296,7.316,0.016,0.2192,208091.0,152001.353
518800.SH,20250627,7.316,7.278,7.289,7.222,7.237,-0.079,-1.0798,359632.0,260688.817
518800.SH,20250630,7.237,7.23,7.232,7.187,7.223,-0.014,-0.1935,288920.0,208420.597
518800.SH,20250701,7.223,7.266,7.31,7.257,7.306,0.083,1.1491,246254.0,179285.478
518800.SH,20250702,7.306,7.301,7.328,7.294,7.306,0.0,0.0,196821.0,143802.818
518800.SH,20250703,7.306,7.315,7.363,7.315,7.355,0.049,0.6707,198968.0,146100.067
518800.SH,20250704,7.355,7.31,7.323,7.287,7.317,-0.038,-0.5167,172882.0,126304.109
518800.SH,20250707,7.317,7.262,7.278,7.255,7.265,-0.052,-0.7107,204857.0,148869.264
518800.SH,20250708,7.265,7.303,7.316,7.298,7.309,0.044,0.6056,280920.0,205329.88
518800.SH,20250709,7.309,7.265,7.266,7.215,7.228,-0.081,-1.1082,275600.0,199349.878
518800.SH,20250710,7.228,7.274,7.29,7.269,7.279,0.051,0.7056,180107.0,131141.956
518800.SH,20250711,7.279,7.283,7.301,7.283,7.286,0.007,0.0962,264330.0,192719.012
518800.SH,20250714,7.286,7.336,7.355,7.323,7.351,0.065,0.8921,264646.0,194063.687
518800.SH,20250715,7.351,7.33,7.355,7.312,7.346,-0.005,-0.068,191948.0,140801.624
518800.SH,20250716,7.346,7.317,7.319,7.289,7.313,-0.033,-0.4492,221413.0,161739.597
518800.SH,20250717,7.313,7.317,7.322,7.297,7.305,-0.008,-0.1094,144240.0,105418.474
518800.SH,20250718,7.305,7.308,7.319,7.3,7.312,0.007,0.0958,128083.0,93624.01
518800.SH,20250721,7.312,7.327,7.364,7.327,7.356,0.044,0.6018,156867.0,115268.021
518800.SH,20250722,7.356,7.391,7.4,7.381,7.384,0.028,0.3806,161818.98,119582.116
518800.SH,20250723,7.384,7.433,7.464,7.433,7.455,0.071,0.9615,189937.0,141497.873
518800.SH,20250724,7.455,7.367,7.37,7.323,7.334,-0.121,-1.6231,335660.0,246579.16
518800.SH,20250725,7.334,7.334,7.334,7.31,7.321,-0.013,-0.1773,261346.0,191317.942
518800.SH,20250728,7.321,7.285,7.308,7.276,7.301,-0.02,-0.2732,178255.0,129934.831
518800.SH,20250729,7.301,7.266,7.278,7.26,7.273,-0.028,-0.3835,181056.0,131595.396
518800.SH,20250730,7.273,7.3,7.303,7.278,7.286,0.013,0.1787,239878.0,174815.019
518800.SH,20250731,7.286,7.25,7.267,7.227,7.263,-0.023,-0.3157,227619.0,164917.701
518800.SH,20250801,7.263,7.248,7.276,7.242,7.262,-0.001,-0.0138,216440.0,157127.452
518800.SH,20250804,7.262,7.346,7.359,7.342,7.358,0.096,1.3219,350421.0,257594.708
518800.SH,20250805,7.358,7.39,7.4,7.363,7.366,0.008,0.1087,272222.0,200893.715
518800.SH,20250806,7.366,7.38,7.391,7.368,7.38,0.014,0.1901,187111.0,138050.618
518800.SH,20250807,7.38,7.384,7.394,7.367,7.393,0.013,0.1762,240694.0,177685.354
518800.SH,20250808,7.393,7.397,7.422,7.394,7.415,0.022,0.2976,225069.0,166738.166
518800.SH,20250811,7.415,7.373,7.373,7.333,7.341,-0.074,-0.998,310538.0,228402.039
518800.SH,20250812,7.341,7.321,7.327,7.303,7.31,-0.031,-0.4223,164687.0,120463.054
518800.SH,20250813,7.31,7.308,7.328,7.304,7.326,0.016,0.2189,304002.0,222388.066
518800.SH,20250814,7.326,7.338,7.349,7.322,7.335,0.009,0.1229,292228.0,214310.506
518800.SH,20250815,7.335,7.295,7.319,7.29,7.31,-0.025,-0.3408,122302.34,89330.19
518800.SH,20250818,7.31,7.311,7.335,7.303,7.321,0.011,0.1505,162391.5,118843.417
518800.SH,20250819,7.321,7.295,7.311,7.295,7.301,-0.02,-0.2732,97614.0,71279.033
518800.SH,20250820,7.301,7.276,7.286,7.26,7.283,-0.018,-0.2465,149195.0,108525.767
518800.SH,20250821,7.283,7.312,7.32,7.296,7.304,0.021,0.2883,160630.0,117418.414
518800.SH,20250822,7.304,7.309,7.31,7.284,7.288,-0.016,-0.2191,110533.0,80644.688
518800.SH,20250825,7.288,7.332,7.343,7.324,7.336,0.048,0.6586,227017.0,166485.513
518800.SH,20250826,7.336,7.349,7.361,7.346,7.36,0.024,0.3272,207109.0,152332.21
518800.SH,20250827,7.36,7.367,7.373,7.354,7.36,0.0,0.0,176958.0,130312.713
518800.SH,20250828,7.36,7.372,7.381,7.369,7.377,0.017,0.231,273192.0,201516.615
518800.SH,20250829,7.377,7.387,7.399,7.387,7.398,0.021,0.2847,140728.0,104048.535
518800.SH,20250901,7.398,7.448,7.669,7.448,7.545,0.147,1.987,992187.0,746456.099
518800.SH,20250902,7.545,7.62,7.646,7.571,7.579,0.034,0.4506,477401.0,362921.964
518800.SH,20250903,7.579,7.662,7.69,7.65,7.669,0.09,1.1875,684229.0,524508.531
518800.SH,20250904,7.669,7.696,7.7,7.6,7.657,-0.012,-0.1565,496377.24,379731.246
518800.SH,20250905,7.657,7.675,7.688,7.661,7.679,0.022,0.2873,182732.0,140284.277
518800.SH,20250908,7.679,7.715,7.753,7.714,7.751,0.072,0.9376,326570.0,252655.483
518800.SH,20250909,7.751,7.831,7.889,7.831,7.864,0.113,1.4579,788978.0,620034.862
518800.SH,20250910,7.864,7.826,7.856,7.802,7.854,-0.01,-0.1272,315580.0,247257.096
518800.SH,20250911,7.854,7.857,7.88,7.807,7.826,-0.028,-0.3565,383628.0,300560.451
518800.SH,20250912,7.826,7.833,7.867,7.833,7.856,0.03,0.3833,263868.0,207233.333
518800.SH,20250915,7.856,7.827,7.848,7.809,7.833,-0.023,-0.2928,374945.0,293645.964
518800.SH,20250916,7.833,7.913,7.935,7.892,7.934,0.101,1.2894,279185.0,220783.835
518800.SH,20250917,7.934,7.923,7.923,7.859,7.869,-0.065,-0.8193,432211.0,340687.633
518800.SH,20250918,7.869,7.818,7.854,7.763,7.767,-0.102,-1.2962,603688.0,471224.014
518800.SH,20250919,7.767,7.807,7.82,7.774,7.804,0.037,0.4764,231032.0,180174.186
518800.SH,20250922,7.804,7.911,7.958,7.888,7.95,0.146,1.8708,312554.0,247486.886
518800.SH,20250923,7.95,8.015,8.049,8.005,8.045,0.095,1.195,599778.0,481613.902
518800.SH,20250924,8.045,8.044,8.105,8.026,8.091,0.046,0.5718,469713.0,379438.133
518800.SH,20250925,8.091,8.061,8.061,8.016,8.042,-0.049,-0.6056,460068.0,369709.495
518800.SH,20250926,8.042,8.044,8.085,8.044,8.062,0.02,0.2487,255927.0,206344.189
518800.SH,20250929,8.062,8.072,8.25,8.072,8.16,0.098,1.2156,771424.0,626190.191
518800.SH,20250930,8.16,8.234,8.282,8.163,8.243,0.083,1.0172,466433.0,385004.459
518800.SH,20251009,8.243,8.65,8.676,8.589,8.62,0.377,4.5736,851807.65,734479.005
518800.SH,20251010,8.62,8.545,8.547,8.48,8.499,-0.121,-1.4037,489348.0,416434.968
518800.SH,20251013,8.499,8.666,8.769,8.666,8.756,0.257,3.0239,492870.55,429777.132
518800.SH,20251014,8.756,8.982,9.301,8.77,8.864,0.108,1.2334,1324431.05,1185324.295
518800.SH,20251015,8.864,9.016,9.098,8.982,9.081,0.217,2.4481,548452.0,495076.564
518800.SH,20251016,9.081,9.143,9.18,9.086,9.132,0.051,0.5616,593148.0,541761.506
518800.SH,20251017,9.132,9.394,9.473,9.253,9.451,0.319,3.4932,1322860.0,1239721.56
518800.SH,20251020,9.451,9.211,9.255,9.137,9.156,-0.295,-3.1214,996547.0,917740.461
518800.SH,20251021,9.156,9.398,9.4,9.31,9.374,0.218,2.381,851983.0,797724.921
518800.SH,20251022,9.374,8.804,8.996,8.804,8.994,-0.38,-4.0538,1249235.95,1111621.074
518800.SH,20251023,8.994,8.845,8.942,8.813,8.884,-0.11,-1.223,706527.99,626777.203
518800.SH,20251024,8.884,8.929,8.942,8.825,8.842,-0.042,-0.4728,517127.0,459248.996
518800.SH,20251027,8.842,8.84,8.84,8.787,8.803,-0.039,-0.4411,371227.0,327063.941
518800.SH,20251028,8.803,8.687,8.688,8.483,8.485,-0.318,-3.6124,1139414.08,977347.797
518800.SH,20251029,8.485,8.562,8.592,8.515,8.58,0.095,1.1196,477824.88,408797.07
518800.SH,20251030,8.58,8.546,8.611,8.451,8.596,0.016,0.1865,662844.0,565407.476
518800.SH,20251031,8.596,8.696,8.719,8.639,8.685,0.089,1.0354,461536.0,400462.157
518800.SH,20251103,8.685,8.643,8.695,8.631,8.69,0.005,0.0576,446414.78,386924.72
518800.SH,20251104,8.69,8.64,8.648,8.599,8.628,-0.062,-0.7135,414573.0,357456.319
518800.SH,20251105,8.628,8.542,8.624,8.535,8.597,-0.031,-0.3593,287529.0,246670.364
518800.SH,20251106,8.597,8.6,8.65,8.598,8.649,0.052,0.6049,261424.0,225625.245
518800.SH,20251107,8.649,8.654,8.689,8.649,8.688,0.039,0.4509,448259.02,388403.613
518800.SH,20251110,8.688,8.745,8.842,8.745,8.832,0.144,1.6575,881429.0,775285.349
518800.SH,20251111,8.832,8.958,8.988,8.938,8.952,0.12,1.3587,730204.02,654674.064
518800.SH,20251112,8.952,8.955,8.956,8.875,8.919,-0.033,-0.3686,407687.05,363646.968
518800.SH,20251113,8.919,9.043,9.072,9.024,9.061,0.142,1.5921,504616.0,456733.081
518800.SH,20251114,9.061,8.999,9.067,8.98,8.988,-0.073,-0.8057,564281.0,509176.433
518800.SH,20251117,8.988,8.806,8.858,8.732,8.773,-0.215,-2.3921,585106.0,514317.099
518800.SH,20251118,8.773,8.716,8.727,8.666,8.67,-0.103,-1.1741,354716.0,308259.407
518800.SH,20251119,8.67,8.768,8.858,8.765,8.843,0.173,1.9954,378625.0,333905.825
518800.SH,20251120,8.843,8.846,8.863,8.761,8.795,-0.048,-0.5428,403742.0,355599.535
518800.SH,20251121,8.795,8.788,8.813,8.719,8.727,-0.068,-0.7732,664215.0,581774.546
518800.SH,20251124,8.727,8.742,8.762,8.724,8.754,0.027,0.3094,441119.3,385621.224
518800.SH,20251125,8.754,8.859,8.929,8.859,8.901,0.147,1.6792,288262.15,256670.367
518800.SH,20251126,8.901,8.905,8.937,8.893,8.898,-0.003,-0.0337,378221.0,337334.373
518800.SH,20251127,8.898,8.889,8.907,8.878,8.902,0.004,0.045,161155.85,143322.177
518800.SH,20251128,8.902,8.973,8.978,8.945,8.957,0.055,0.6178,180388.0,161584.803
518800.SH,20251201,8.957,9.041,9.093,9.015,9.051,0.094,1.0495,443141.0,401280.731
518800.SH,20251202,9.051,9.021,9.032,8.981,9.003,-0.048,-0.5303,200013.0,180263.088
518800.SH,20251203,9.003,9.014,9.029,8.974,8.986,-0.017,-0.1888,235961.0,212433.053
518800.SH,20251204,8.986,8.997,9.017,8.926,8.957,-0.029,-0.3227,355787.0,319003.578
518800.SH,20251205,8.957,8.977,9.036,8.974,9.027,0.07,0.7815,243303.98,219215.518
518800.SH,20251208,9.027,9.006,9.008,8.967,9.001,-0.026,-0.288,243811.0,219185.524
518800.SH,20251209,9.001,8.968,8.973,8.917,8.938,-0.063,-0.6999,173718.81,155419.057
518800.SH,20251210,8.938,8.999,9.008,8.972,8.981,0.043,0.4811,132210.0,118852.797
518800.SH,20251211,8.981,9.049,9.053,8.983,8.997,0.016,0.1782,367598.01,331525.904
518800.SH,20251212,8.997,9.077,9.115,9.077,9.113,0.116,1.2893,272565.48,247872.137
518800.SH,20251215,9.113,9.178,9.243,9.178,9.238,0.125,1.3717,254085.9,234102.366
518800.SH,20251216,9.238,9.15,9.182,9.085,9.127,-0.111,-1.2016,331327.12,302688.746
518800.SH,20251217,9.127,9.176,9.229,9.171,9.197,0.07,0.767,287537.0,264511.377
518800.SH,20251218,9.197,9.197,9.214,9.19,9.203,0.006,0.0652,158512.0,145895.947
518800.SH,20251219,9.203,9.19,9.205,9.163,9.198,-0.005,-0.0543,268041.84,246262.24
518800.SH,20251222,9.198,9.246,9.39,9.246,9.388,0.19,2.0657,396383.0,369637.467
518800.SH,20251223,9.388,9.517,9.568,9.487,9.521,0.133,1.4167,690637.91,658154.225
518800.SH,20251224,9.521,9.593,9.604,9.49,9.524,0.003,0.0315,884733.92,844170.266
518800.SH,20251225,9.524,9.46,9.464,9.423,9.452,-0.072,-0.756,487776.09,460615.714
518800.SH,20251226,9.452,9.55,9.554,9.499,9.534,0.082,0.8675,302504.0,288315.037
518800.SH,20251229,9.534,9.522,9.549,9.43,9.448,-0.086,-0.902,560577.43,532970.099
518800.SH,20251230,9.448,9.194,9.288,9.164,9.254,-0.194,-2.0533,565510.64,522288.334
518800.SH,20251231,9.254,9.243,9.276,9.082,9.186,-0.068,-0.7348,652539.04,599437.461
518800.SH,20260105,9.186,9.3,9.383,9.3,9.378,0.192,2.0901,493799.0,461464.319
518800.SH,20260106,9.378,9.421,9.491,9.406,9.465,0.087,0.9277,630073.0,595752.604
518800.SH,20260107,9.465,9.467,9.485,9.408,9.415,-0.05,-0.5283,487129.95,460356.24
518800.SH,20260108,9.415,9.429,9.449,9.359,9.397,-0.018,-0.1912,277202.0,260680.389
518800.SH,20260109,9.397,9.415,9.48,9.415,9.475,0.078,0.8301,503916.45,476745.014
518800.SH,20260112,9.475,9.653,9.68,9.62,9.655,0.18,1.8997,252467.0,243741.434
518800.SH,20260113,9.655,9.665,9.704,9.654,9.672,0.017,0.1761,250270.0,242136.597
518800.SH,20260114,9.672,9.733,9.801,9.733,9.8,0.128,1.3234,354665.0,346661.431
518800.SH,20260115,9.8,9.748,9.763,9.698,9.746,-0.054,-0.551,297204.0,289137.119
518800.SH,20260116,9.746,9.743,9.757,9.707,9.734,-0.012,-0.1231,221849.0,215812.897
518800.SH,20260119,9.734,9.841,9.891,9.835,9.889,0.155,1.5924,260427.99,256732.63
518800.SH,20260120,9.889,9.9,9.969,9.863,9.96,0.071,0.718,472327.0,468737.308
518800.SH,20260121,9.96,10.28,10.342,10.19,10.252,0.292,2.9317,659063.18,676428.074
518800.SH,20260122,10.252,10.177,10.212,10.099,10.206,-0.046,-0.4487,706622.06,717069.341
518800.SH,20260123,10.206,10.457,10.515,10.45,10.49,0.284,2.7827,445498.0,466909.165
518800.SH,20260126,10.49,10.75,10.818,10.705,10.764,0.274,2.612,626504.19,673831.702
518800.SH,20260127,10.764,10.743,10.81,10.716,10.793,0.029,0.2694,484631.81,521136.914
518800.SH,20260128,10.793,10.991,11.149,10.961,11.141,0.348,3.2243,798885.0,885964.832
518800.SH,20260129,11.141,11.693,11.849,11.682,11.753,0.612,5.4932,1120597.89,1316533.863
518800.SH,20260130,11.753,11.303,11.58,10.815,10.891,-0.862,-7.3343,2010660.23,2224869.226
518800.SH,20260202,10.891,9.802,10.118,9.802,9.802,-1.089,-9.9991,1064696.46,1062130.394
518800.SH,20260203,9.802,10.232,10.331,9.99,10.295,0.493,5.0296,1366877.13,1388145.48
518800.SH,20260204,10.295,10.74,10.774,10.594,10.732,0.437,4.2448,1053799.0,1126742.477
518800.SH,20260205,10.732,10.54,10.568,10.175,10.394,-0.338,-3.1495,1432315.0,1487174.77
518800.SH,20260206,10.394,9.94,10.391,9.92,10.234,-0.16,-1.5393,1394847.95,1424480.271
518800.SH,20260209,10.234,10.6,10.622,10.49,10.594,0.36,3.5177,922025.0,973701.661
518800.SH,20260210,10.594,10.588,10.604,10.531,10.548,-0.046,-0.4342,469726.07,496274.694
518800.SH,20260211,10.548,10.573,10.636,10.573,10.634,0.086,0.8153,485443.0,514838.557
518800.SH,20260212,10.634,10.613,10.622,10.588,10.592,-0.042,-0.395,553472.0,586972.448
518800.SH,20260213,10.592,10.463,10.484,10.383,10.448,-0.144,-1.3595,697109.0,727935.14
518800.SH,20260224,10.448,10.796,10.865,10.755,10.819,0.371,3.5509,525554.0,568816.774
518800.SH,20260225,10.819,10.827,10.857,10.785,10.822,0.003,0.0277,408231.0,441849.536
518800.SH,20260226,10.822,10.818,10.818,10.763,10.784,-0.038,-0.3511,263724.0,284551.76
518800.SH,20260227,10.784,10.79,10.817,10.78,10.799,0.015,0.1391,240072.0,259281.086
518800.SH,20260302,10.799,11.185,11.275,11.091,11.273,0.474,4.3893,826432.1,922848.18
518800.SH,20260303,11.273,11.269,11.269,11.071,11.123,-0.15,-1.3306,808254.0,903566.324
518800.SH,20260304,11.123,10.878,10.95,10.802,10.85,-0.273,-2.4544,765867.0,832581.269
518800.SH,20260305,10.85,10.867,10.88,10.754,10.832,-0.018,-0.1659,608942.0,659285.019
518800.SH,20260306,10.832,10.704,10.804,10.702,10.742,-0.09,-0.8309,439412.0,473202.451
518800.SH,20260309,10.742,10.721,10.818,10.664,10.732,-0.01,-0.0931,733837.0,788229.508
518800.SH,20260310,10.732,10.807,10.858,10.807,10.824,0.092,0.8572,378320.0,409740.951
518800.SH,20260311,10.824,10.892,10.894,10.83,10.844,0.02,0.1848,360246.0,391386.93
518800.SH,20260312,10.844,10.808,10.823,10.762,10.807,-0.037,-0.3412,362681.78,391511.163
518800.SH,20260313,10.807,10.738,10.749,10.663,10.667,-0.14,-1.2955,432526.0,463095.867
518800.SH,20260316,10.667,10.515,10.572,10.477,10.537,-0.13,-1.2187,551869.99,580658.353
518800.SH,20260317,10.537,10.528,10.569,10.499,10.509,-0.028,-0.2657,554200.0,583572.228
518800.SH,20260318,10.509,10.508,10.508,10.442,10.479,-0.03,-0.2855,425874.0,446034.18
518800.SH,20260319,10.479,10.164,10.218,9.951,10.002,-0.477,-4.552,1176576.01,1192609.597
518800.SH,20260320,10.002,9.792,9.948,9.763,9.772,-0.23,-2.2995,1387127.92,1366231.295
518800.SH,20260323,9.772,9.357,9.372,8.795,8.825,-0.947,-9.691,2158777.21,1975637.688
518800.SH,20260324,8.825,9.097,9.189,9.0,9.187,0.362,4.102,1667566.63,1515165.841
518800.SH,20260325,9.187,9.602,9.648,9.49,9.519,0.332,3.6138,1194022.9,1143424.068
518800.SH,20260326,9.519,9.518,9.518,9.248,9.34,-0.179,-1.8804,1288713.0,1209457.02
518800.SH,20260327,9.34,9.252,9.411,9.25,9.376,0.036,0.3854,1076288.01,1005578.507
518800.SH,20260330,9.376,9.386,9.574,9.361,9.539,0.163,1.7385,1309711.6,1241468.925
518800.SH,20260331,9.539,9.645,9.715,9.579,9.583,0.044,0.4613,1330994.89,1282472.719
518800.SH,20260401,9.583,9.816,9.901,9.794,9.9,0.317,3.3079,1195952.0,1175466.73
518800.SH,20260402,9.9,9.9,9.902,9.525,9.618,-0.282,-2.8485,2263004.89,2196859.158
518800.SH,20260403,9.618,9.782,9.79,9.674,9.709,0.091,0.9461,493714.0,479891.546
518800.SH,20260407,9.709,9.717,9.748,9.663,9.718,0.009,0.0927,1217538.0,1181107.163
518800.SH,20260408,9.718,10.005,10.03,9.933,9.989,0.271,2.7886,1437475.0,1435482.708
518800.SH,20260409,9.989,9.8,9.829,9.773,9.789,-0.2,-2.0022,958611.0,939582.91
518800.SH,20260410,9.789,9.857,9.91,9.835,9.852,0.063,0.6436,728421.0,719165.532
518800.SH,20260413,9.852,9.81,9.819,9.782,9.804,-0.048,-0.4872,491989.0,482175.708
518800.SH,20260414,9.804,9.879,9.89,9.847,9.889,0.085,0.867,420811.97,415425.908
518800.SH,20260415,10.494,10.6,10.642,10.55,10.552,0.058,0.5527,468564.44,496272.849
518800.SH,20260416,10.552,10.581,10.6,10.555,10.583,0.031,0.2938,421887.09,446272.973
518800.SH,20260417,10.583,10.507,10.557,10.47,10.513,-0.07,-0.6614,474570.68,499431.77
518800.SH,20260420,10.513,10.518,10.562,10.497,10.52,0.007,0.0666,421289.08,443306.431
518800.SH,20260421,10.52,10.551,10.559,10.487,10.493,-0.027,-0.2567,417285.17,438823.852
518800.SH,20260422,10.493,10.45,10.491,10.444,10.49,-0.003,-0.0286,373726.03,391397.749
518800.SH,20260423,10.49,10.438,10.438,10.34,10.377,-0.113,-1.0772,505373.01,524449.522
518800.SH,20260424,10.377,10.375,10.375,10.289,10.299,-0.078,-0.7517,378406.0,390441.092
518800.SH,20260427,10.299,10.319,10.396,10.319,10.377,0.078,0.7574,347568.15,360385.907
518800.SH,20260428,10.377,10.333,10.333,10.185,10.201,-0.176,-1.6961,552937.84,566074.027
518800.SH,20260429,10.201,10.13,10.159,10.095,10.103,-0.098,-0.9607,424062.22,429331.464
518800.SH,20260430,10.103,10.102,10.144,10.03,10.142,0.039,0.386,491937.17,496227.37
518800.SH,20260506,10.142,10.152,10.269,10.152,10.266,0.124,1.2226,548772.34,560813.169
518800.SH,20260507,10.266,10.363,10.411,10.31,10.388,0.122,1.1884,505486.4,523081.375
518800.SH,20260508,10.388,10.363,10.376,10.329,10.365,-0.023,-0.2214,645215.55,668016.595
518800.SH,20260511,10.365,10.313,10.324,10.184,10.245,-0.12,-1.1577,754758.12,773371.267
